raster/aptann.grid
ncols         501
nrows         361
xllcorner     109.95
yllcorner     -45.05
cellsize      0.1
NODATA_value  -9999
[rows 320 to 351 of 361, columns 0 to 71 of 501]
17.467 17.46 17.453 17.445 17.438 17.43 17.423 17.415 17.408 17.401 17.393 17.386 17.378 17.371 17.364 17.356 17.349 17.342 17.335 17.327 17.32 17.313 17.306 17.299 17.291 17.284 17.277 17.27 17.263 17.256 17.249 17.242 17.235 17.228 17.221 17.214 17.207 17.201 17.194 17.187 17.18 17.173 17.167 17.16 17.154 17.147 17.14 17.134 17.127 17.121 17.114 17.108 17.102 17.095 17.089 17.083 17.076 17.07 17.064 17.058 17.051 17.045 17.039 17.033 17.027 17.021 17.015 17.009 17.003 16.997 16.991 16.985
17.396 17.389 17.381 17.374 17.366 17.359 17.352 17.344 17.337 17.329 17.322 17.315 17.307 17.3 17.293 17.285 17.278 17.271 17.263 17.256 17.249 17.242 17.234 17.227 17.22 17.213 17.206 17.199 17.192 17.185 17.178 17.171 17.164 17.157 17.15 17.143 17.136 17.129 17.122 17.116 17.109 17.102 17.095 17.089 17.082 17.075 17.069 17.062 17.056 17.049 17.043 17.036 17.03 17.024 17.017 17.011 17.005 16.998 16.992 16.986 16.98 16.973 16.967 16.961 16.955 16.949 16.943 16.937 16.931 16.925 16.919 16.913
17.325 17.318 17.31 17.303 17.295 17.288 17.28 17.273 17.266 17.258 17.251 17.243 17.236 17.229 17.221 17.214 17.207 17.2 17.192 17.185 17.178 17.171 17.163 17.156 17.149 17.142 17.135 17.128 17.121 17.113 17.106 17.099 17.092 17.085 17.079 17.072 17.065 17.058 17.051 17.044 17.038 17.031 17.024 17.017 17.011 17.004 16.997 16.991 16.984 16.978 16.971 16.965 16.958 16.952 16.946 16.939 16.933 16.927 16.92 16.914 16.908 16.902 16.895 16.889 16.883 16.877 16.871 16.865 16.859 16.853 16.847 16.841
17.254 17.247 17.239 17.232 17.224 17.217 17.209 17.202 17.195 17.187 17.18 17.172 17.165 17.158 17.15 17.143 17.136 17.128 17.121 17.114 17.107 17.099 17.092 17.085 17.078 17.071 17.064 17.056 17.049 17.042 17.035 17.028 17.021 17.014 17.007 17 16.994 16.987 16.98 16.973 16.966 16.96 16.953 16.946 16.939 16.933 16.926 16.92 16.913 16.906 16.9 16.893 16.887 16.881 16.874 16.868 16.861 16.855 16.849 16.842 16.836 16.83 16.824 16.818 16.811 16.805 16.799 16.793 16.787 16.781 16.775 16.769
17.183 17.176 17.168 17.161 17.153 17.146 17.138 17.131 17.124 17.116 17.109 17.101 17.094 17.087 17.079 17.072 17.065 17.057 17.05 17.043 17.036 17.028 17.021 17.014 17.007 17 16.993 16.985 16.978 16.971 16.964 16.957 16.95 16.943 16.936 16.929 16.922 16.916 16.909 16.902 16.895 16.888 16.882 16.875 16.868 16.862 16.855 16.848 16.842 16.835 16.829 16.822 16.816 16.809 16.803 16.796 16.79 16.784 16.777 16.771 16.765 16.758 16.752 16.746 16.74 16.733 16.727 16.721 16.715 16.709 16.703 16.697
17.112 17.105 17.097 17.09 17.082 17.075 17.067 17.06 17.053 17.045 17.038 17.03 17.023 17.016 17.008 17.001 16.994 16.986 16.979 16.972 16.965 16.957 16.95 16.943 16.936 16.929 16.922 16.914 16.907 16.9 16.893 16.886 16.879 16.872 16.865 16.858 16.851 16.845 16.838 16.831 16.824 16.817 16.81 16.804 16.797 16.79 16.784 16.777 16.77 16.764 16.757 16.751 16.744 16.738 16.731 16.725 16.719 16.712 16.706 16.699 16.693 16.687 16.681 16.674 16.668 16.662 16.656 16.649 16.643 16.637 16.631 16.625
17.041 17.034 17.026 17.019 17.011 17.004 16.996 16.989 16.982 16.974 16.967 16.96 16.952 16.945 16.937 16.93 16.923 16.916 16.908 16.901 16.894 16.887 16.879 16.872 16.865 16.858 16.851 16.844 16.836 16.829 16.822 16.815 16.808 16.801 16.794 16.787 16.78 16.774 16.767 16.76 16.753 16.746 16.739 16.733 16.726 16.719 16.713 16.706 16.699 16.693 16.686 16.68 16.673 16.667 16.66 16.654 16.647 16.641 16.634 16.628 16.622 16.615 16.609 16.603 16.597 16.59 16.584 16.578 16.572 16.565 16.559 16.553
16.97 16.963 16.955 16.948 16.94 16.933 16.926 16.918 16.911 16.903 16.896 16.889 16.881 16.874 16.867 16.859 16.852 16.845 16.837 16.83 16.823 16.816 16.808 16.801 16.794 16.787 16.78 16.773 16.766 16.758 16.751 16.744 16.737 16.73 16.723 16.716 16.71 16.703 16.696 16.689 16.682 16.675 16.668 16.662 16.655 16.648 16.642 16.635 16.628 16.622 16.615 16.608 16.602 16.595 16.589 16.582 16.576 16.57 16.563 16.557 16.55 16.544 16.538 16.531 16.525 16.519 16.513 16.506 16.5 16.494 16.488 16.482
16.899 16.892 16.885 16.877 16.87 16.862 16.855 16.847 16.84 16.833 16.825 16.818 16.811 16.803 16.796 16.789 16.781 16.774 16.767 16.759 16.752 16.745 16.738 16.73 16.723 16.716 16.709 16.702 16.695 16.688 16.681 16.674 16.667 16.66 16.653 16.646 16.639 16.632 16.625 16.618 16.611 16.604 16.598 16.591 16.584 16.577 16.571 16.564 16.557 16.551 16.544 16.537 16.531 16.524 16.518 16.511 16.505 16.498 16.492 16.486 16.479 16.473 16.466 16.46 16.454 16.448 16.441 16.435 16.429 16.422 16.416 16.41
16.829 16.821 16.814 16.806 16.799 16.792 16.784 16.777 16.769 16.762 16.755 16.747 16.74 16.733 16.725 16.718 16.711 16.703 16.696 16.689 16.681 16.674 16.667 16.66 16.653 16.645 16.638 16.631 16.624 16.617 16.61 16.603 16.596 16.589 16.582 16.575 16.568 16.561 16.554 16.547 16.54 16.533 16.527 16.52 16.513 16.506 16.5 16.493 16.486 16.48 16.473 16.466 16.46 16.453 16.447 16.44 16.434 16.427 16.421 16.414 16.408 16.402 16.395 16.389 16.383 16.376 16.37 16.364 16.357 16.351 16.345 16.339
16.758 16.751 16.743 16.736 16.728 16.721 16.713 16.706 16.699 16.691 16.684 16.677 16.669 16.662 16.655 16.647 16.64 16.633 16.625 16.618 16.611 16.604 16.596 16.589 16.582 16.575 16.568 16.56 16.553 16.546 16.539 16.532 16.525 16.518 16.511 16.504 16.497 16.49 16.483 16.476 16.47 16.463 16.456 16.449 16.442 16.436 16.429 16.422 16.415 16.409 16.402 16.396 16.389 16.382 16.376 16.369 16.363 16.356 16.35 16.343 16.337 16.331 16.324 16.318 16.311 16.305 16.299 16.292 16.286 16.28 16.274 16.267
16.687 16.68 16.673 16.665 16.658 16.65 16.643 16.635 16.628 16.621 16.613 16.606 16.599 16.591 16.584 16.577 16.569 16.562 16.555 16.547 16.54 16.533 16.526 16.519 16.511 16.504 16.497 16.49 16.483 16.476 16.469 16.462 16.454 16.447 16.44 16.433 16.427 16.42 16.413 16.406 16.399 16.392 16.385 16.378 16.372 16.365 16.358 16.351 16.345 16.338 16.331 16.325 16.318 16.312 16.305 16.298 16.292 16.285 16.279 16.272 16.266 16.26 16.253 16.247 16.24 16.234 16.228 16.221 16.215 16.209 16.202 16.196
16.617 16.609 16.602 16.595 16.587 16.58 16.572 16.565 16.558 16.55 16.543 16.535 16.528 16.521 16.513 16.506 16.499 16.491 16.484 16.477 16.47 16.462 16.455 16.448 16.441 16.434 16.426 16.419 16.412 16.405 16.398 16.391 16.384 16.377 16.37 16.363 16.356 16.349 16.342 16.335 16.328 16.321 16.315 16.308 16.301 16.294 16.287 16.281 16.274 16.267 16.261 16.254 16.247 16.241 16.234 16.228 16.221 16.215 16.208 16.202 16.195 16.189 16.182 16.176 16.169 16.163 16.157 16.15 16.144 16.138 16.131 16.125
16.546 16.539 16.532 16.524 16.517 16.509 16.502 16.494 16.487 16.48 16.472 16.465 16.458 16.45 16.443 16.436 16.428 16.421 16.414 16.406 16.399 16.392 16.385 16.378 16.37 16.363 16.356 16.349 16.342 16.335 16.328 16.32 16.313 16.306 16.299 16.292 16.285 16.278 16.272 16.265 16.258 16.251 16.244 16.237 16.23 16.224 16.217 16.21 16.203 16.197 16.19 16.183 16.177 16.17 16.163 16.157 16.15 16.144 16.137 16.131 16.124 16.118 16.111 16.105 16.099 16.092 16.086 16.079 16.073 16.067 16.06 16.054
16.476 16.468 16.461 16.454 16.446 16.439 16.431 16.424 16.417 16.409 16.402 16.395 16.387 16.38 16.373 16.365 16.358 16.351 16.343 16.336 16.329 16.322 16.314 16.307 16.3 16.293 16.286 16.278 16.271 16.264 16.257 16.25 16.243 16.236 16.229 16.222 16.215 16.208 16.201 16.194 16.187 16.18 16.174 16.167 16.16 16.153 16.146 16.14 16.133 16.126 16.119 16.113 16.106 16.099 16.093 16.086 16.08 16.073 16.067 16.06 16.054 16.047 16.041 16.034 16.028 16.021 16.015 16.008 16.002 15.996 15.989 15.983
16.406 16.398 16.391 16.383 16.376 16.368 16.361 16.354 16.346 16.339 16.332 16.324 16.317 16.309 16.302 16.295 16.288 16.28 16.273 16.266 16.258 16.251 16.244 16.237 16.23 16.222 16.215 16.208 16.201 16.194 16.187 16.18 16.173 16.166 16.159 16.152 16.145 16.138 16.131 16.124 16.117 16.11 16.103 16.096 16.089 16.083 16.076 16.069 16.062 16.056 16.049 16.042 16.036 16.029 16.022 16.016 16.009 16.002 15.996 15.989 15.983 15.976 15.97 15.963 15.957 15.951 15.944 15.938 15.931 15.925 15.919 15.912
16.335 16.328 16.32 16.313 16.306 16.298 16.291 16.283 16.276 16.269 16.261 16.254 16.247 16.239 16.232 16.225 16.217 16.21 16.203 16.195 16.188 16.181 16.174 16.166 16.159 16.152 16.145 16.138 16.131 16.124 16.116 16.109 16.102 16.095 16.088 16.081 16.074 16.067 16.06 16.053 16.046 16.04 16.033 16.026 16.019 16.012 16.005 15.999 15.992 15.985 15.978 15.972 15.965 15.958 15.952 15.945 15.939 15.932 15.925 15.919 15.912 15.906 15.899 15.893 15.886 15.88 15.873 15.867 15.861 15.854 15.848 15.841
16.265 16.257 16.25 16.243 16.235 16.228 16.22 16.213 16.206 16.198 16.191 16.184 16.176 16.169 16.162 16.154 16.147 16.14 16.132 16.125 16.118 16.111 16.103 16.096 16.089 16.082 16.075 16.068 16.06 16.053 16.046 16.039 16.032 16.025 16.018 16.011 16.004 15.997 15.99 15.983 15.976 15.969 15.962 15.956 15.949 15.942 15.935 15.928 15.922 15.915 15.908 15.901 15.895 15.888 15.881 15.875 15.868 15.861 15.855 15.848 15.842 15.835 15.829 15.822 15.816 15.809 15.803 15.796 15.79 15.784 15.777 15.771
16.195 16.187 16.18 16.172 16.165 16.158 16.15 16.143 16.135 16.128 16.121 16.113 16.106 16.099 16.091 16.084 16.077 16.07 16.062 16.055 16.048 16.04 16.033 16.026 16.019 16.012 16.005 15.997 15.99 15.983 15.976 15.969 15.962 15.955 15.948 15.941 15.934 15.927 15.92 15.913 15.906 15.899 15.892 15.885 15.878 15.872 15.865 15.858 15.851 15.844 15.838 15.831 15.824 15.818 15.811 15.804 15.798 15.791 15.784 15.778 15.771 15.765 15.758 15.752 15.745 15.739 15.732 15.726 15.719 15.713 15.707 15.7
16.125 16.117 16.11 16.102 16.095 16.087 16.08 16.073 16.065 16.058 16.051 16.043 16.036 16.029 16.021 16.014 16.007 15.999 15.992 15.985 15.978 15.97 15.963 15.956 15.949 15.942 15.934 15.927 15.92 15.913 15.906 15.899 15.892 15.885 15.878 15.871 15.864 15.857 15.85 15.843 15.836 15.829 15.822 15.815 15.808 15.801 15.795 15.788 15.781 15.774 15.767 15.761 15.754 15.747 15.741 15.734 15.727 15.721 15.714 15.708 15.701 15.694 15.688 15.681 15.675 15.668 15.662 15.655 15.649 15.643 15.636 15.63
16.054 16.047 16.04 16.032 16.025 16.017 16.01 16.003 15.995 15.988 15.981 15.973 15.966 15.959 15.951 15.944 15.937 15.929 15.922 15.915 15.908 15.9 15.893 15.886 15.879 15.871 15.864 15.857 15.85 15.843 15.836 15.829 15.822 15.815 15.808 15.801 15.794 15.787 15.78 15.773 15.766 15.759 15.752 15.745 15.738 15.731 15.724 15.718 15.711 15.704 15.697 15.691 15.684 15.677 15.67 15.664 15.657 15.651 15.644 15.637 15.631 15.624 15.618 15.611 15.605 15.598 15.592 15.585 15.579 15.572 15.566 15.559
15.984 15.977 15.969 15.962 15.955 15.947 15.94 15.933 15.925 15.918 15.91 15.903 15.896 15.888 15.881 15.874 15.867 15.859 15.852 15.845 15.838 15.83 15.823 15.816 15.809 15.801 15.794 15.787 15.78 15.773 15.766 15.759 15.752 15.745 15.738 15.73 15.723 15.716 15.71 15.703 15.696 15.689 15.682 15.675 15.668 15.661 15.654 15.648 15.641 15.634 15.627 15.62 15.614 15.607 15.6 15.594 15.587 15.58 15.574 15.567 15.561 15.554 15.547 15.541 15.534 15.528 15.521 15.515 15.508 15.502 15.495 15.489
15.914 15.907 15.899 15.892 15.885 15.877 15.87 15.863 15.855 15.848 15.84 15.833 15.826 15.818 15.811 15.804 15.797 15.789 15.782 15.775 15.768 15.76 15.753 15.746 15.739 15.732 15.724 15.717 15.71 15.703 15.696 15.689 15.682 15.675 15.668 15.661 15.654 15.647 15.64 15.633 15.626 15.619 15.612 15.605 15.598 15.591 15.584 15.578 15.571 15.564 15.557 15.55 15.544 15.537 15.53 15.524 15.517 15.51 15.504 15.497 15.49 15.484 15.477 15.471 15.464 15.458 15.451 15.445 15.438 15.432 15.425 15.419
15.844 15.837 15.83 15.822 15.815 15.807 15.8 15.793 15.785 15.778 15.771 15.763 15.756 15.749 15.741 15.734 15.727 15.719 15.712 15.705 15.698 15.69 15.683 15.676 15.669 15.662 15.654 15.647 15.64 15.633 15.626 15.619 15.612 15.605 15.598 15.591 15.584 15.577 15.57 15.563 15.556 15.549 15.542 15.535 15.528 15.521 15.514 15.508 15.501 15.494 15.487 15.48 15.474 15.467 15.46 15.454 15.447 15.44 15.434 15.427 15.42 15.414 15.407 15.401 15.394 15.387 15.381 15.374 15.368 15.361 15.355 15.348
15.774 15.767 15.76 15.752 15.745 15.737 15.73 15.723 15.715 15.708 15.701 15.693 15.686 15.679 15.671 15.664 15.657 15.65 15.642 15.635 15.628 15.621 15.613 15.606 15.599 15.592 15.585 15.577 15.57 15.563 15.556 15.549 15.542 15.535 15.528 15.521 15.514 15.507 15.5 15.493 15.486 15.479 15.472 15.465 15.458 15.451 15.444 15.438 15.431 15.424 15.417 15.41 15.404 15.397 15.39 15.384 15.377 15.37 15.364 15.357 15.35 15.344 15.337 15.331 15.324 15.317 15.311 15.304 15.298 15.291 15.285 15.278
15.705 15.697 15.69 15.682 15.675 15.668 15.66 15.653 15.646 15.638 15.631 15.624 15.616 15.609 15.602 15.594 15.587 15.58 15.572 15.565 15.558 15.551 15.544 15.536 15.529 15.522 15.515 15.508 15.501 15.493 15.486 15.479 15.472 15.465 15.458 15.451 15.444 15.437 15.43 15.423 15.416 15.409 15.402 15.395 15.388 15.382 15.375 15.368 15.361 15.354 15.347 15.341 15.334 15.327 15.32 15.314 15.307 15.3 15.294 15.287 15.28 15.274 15.267 15.261 15.254 15.247 15.241 15.234 15.228 15.221 15.215 15.208
15.635 15.627 15.62 15.613 15.605 15.598 15.59 15.583 15.576 15.568 15.561 15.554 15.546 15.539 15.532 15.525 15.517 15.51 15.503 15.495 15.488 15.481 15.474 15.467 15.459 15.452 15.445 15.438 15.431 15.424 15.417 15.409 15.402 15.395 15.388 15.381 15.374 15.367 15.36 15.353 15.346 15.339 15.332 15.326 15.319 15.312 15.305 15.298 15.291 15.284 15.278 15.271 15.264 15.257 15.251 15.244 15.237 15.23 15.224 15.217 15.211 15.204 15.197 15.191 15.184 15.178 15.171 15.164 15.158 15.151 15.145 15.138
15.565 15.558 15.55 15.543 15.535 15.528 15.521 15.513 15.506 15.499 15.491 15.484 15.477 15.469 15.462 15.455 15.448 15.44 15.433 15.426 15.419 15.411 15.404 15.397 15.39 15.383 15.375 15.368 15.361 15.354 15.347 15.34 15.333 15.326 15.319 15.312 15.305 15.298 15.291 15.284 15.277 15.27 15.263 15.256 15.249 15.242 15.235 15.228 15.221 15.215 15.208 15.201 15.194 15.188 15.181 15.174 15.167 15.161 15.154 15.147 15.141 15.134 15.127 15.121 15.114 15.108 15.101 15.095 15.088 15.081 15.075 15.068
15.495 15.488 15.48 15.473 15.466 15.458 15.451 15.444 15.436 15.429 15.422 15.414 15.407 15.4 15.392 15.385 15.378 15.371 15.363 15.356 15.349 15.342 15.334 15.327 15.32 15.313 15.306 15.299 15.291 15.284 15.277 15.27 15.263 15.256 15.249 15.242 15.235 15.228 15.221 15.214 15.207 15.2 15.193 15.186 15.179 15.172 15.166 15.159 15.152 15.145 15.138 15.131 15.125 15.118 15.111 15.104 15.098 15.091 15.084 15.078 15.071 15.064 15.058 15.051 15.045 15.038 15.031 15.025 15.018 15.012 15.005 14.999
15.426 15.418 15.411 15.403 15.396 15.389 15.381 15.374 15.367 15.359 15.352 15.345 15.337 15.33 15.323 15.316 15.308 15.301 15.294 15.287 15.279 15.272 15.265 15.258 15.25 15.243 15.236 15.229 15.222 15.215 15.208 15.201 15.193 15.186 15.179 15.172 15.165 15.158 15.151 15.144 15.137 15.13 15.124 15.117 15.11 15.103 15.096 15.089 15.082 15.075 15.069 15.062 15.055 15.048 15.042 15.035 15.028 15.021 15.015 15.008 15.001 14.995 14.988 14.981 14.975 14.968 14.962 14.955 14.949 14.942 14.935 14.929
15.356 15.349 15.341 15.334 15.326 15.319 15.312 15.304 15.297 15.29 15.282 15.275 15.268 15.261 15.253 15.246 15.239 15.231 15.224 15.217 15.21 15.203 15.195 15.188 15.181 15.174 15.167 15.159 15.152 15.145 15.138 15.131 15.124 15.117 15.11 15.103 15.096 15.089 15.082 15.075 15.068 15.061 15.054 15.047 15.04 15.033 15.026 15.02 15.013 15.006 14.999 14.992 14.985 14.979 14.972 14.965 14.958 14.952 14.945 14.938 14.932 14.925 14.918 14.912 14.905 14.899 14.892 14.885 14.879 14.872 14.866 14.859
15.286 15.279 15.272 15.264 15.257 15.25 15.242 15.235 15.228 15.22 15.213 15.206 15.198 15.191 15.184 15.176 15.169 15.162 15.155 15.147 15.14 15.133 15.126 15.119 15.111 15.104 15.097 15.09 15.083 15.076 15.069 15.062 15.055 15.047 15.04 15.033 15.026 15.019 15.012 15.005 14.998 14.991 14.985 14.978 14.971 14.964 14.957 14.95 14.943 14.936 14.93 14.923 14.916 14.909 14.902 14.896 14.889 14.882 14.876 14.869 14.862 14.856 14.849 14.842 14.836 14.829 14.822 14.816 14.809 14.803 14.796 14.79
