raster/aptann.grid
ncols         501
nrows         361
xllcorner     109.95
yllcorner     -45.05
cellsize      0.1
NODATA_value  -9999
[rows 96 to 127 of 361, columns 0 to 71 of 501]
34.721 34.729 34.738 34.747 34.756 34.765 34.774 34.783 34.793 34.802 34.812 34.821 34.831 34.841 34.85 34.86 34.87 34.88 34.89 34.9 34.91 34.92 34.93 34.94 34.95 34.961 34.971 34.981 34.991 35.001 35.011 35.021 35.03 35.04 35.05 35.06 35.069 35.079 35.088 35.097 35.106 35.115 35.124 35.133 35.142 35.15 35.159 35.167 35.175 35.183 35.191 35.199 35.207 35.214 35.222 35.229 35.236 35.243 35.25 35.256 35.263 35.269 35.275 35.281 35.287 35.293 35.298 35.303 35.308 35.313 35.318 35.322
34.653 34.662 34.671 34.68 34.689 34.698 34.708 34.717 34.726 34.736 34.746 34.755 34.765 34.775 34.785 34.795 34.805 34.815 34.825 34.835 34.846 34.856 34.866 34.877 34.887 34.897 34.908 34.918 34.928 34.938 34.948 34.959 34.969 34.979 34.989 34.998 35.008 35.018 35.027 35.037 35.046 35.055 35.064 35.073 35.082 35.091 35.1 35.108 35.117 35.125 35.133 35.141 35.149 35.157 35.164 35.172 35.179 35.186 35.193 35.2 35.207 35.214 35.22 35.226 35.232 35.238 35.244 35.249 35.255 35.26 35.265 35.269
34.586 34.595 34.604 34.613 34.622 34.631 34.641 34.65 34.66 34.67 34.679 34.689 34.699 34.709 34.719 34.729 34.74 34.75 34.76 34.771 34.781 34.792 34.802 34.813 34.823 34.834 34.844 34.855 34.865 34.875 34.886 34.896 34.906 34.917 34.927 34.937 34.947 34.957 34.966 34.976 34.986 34.995 35.004 35.014 35.023 35.032 35.04 35.049 35.058 35.066 35.074 35.083 35.091 35.099 35.106 35.114 35.122 35.129 35.137 35.144 35.151 35.158 35.164 35.171 35.177 35.183 35.189 35.195 35.201 35.206 35.211 35.216
34.518 34.527 34.536 34.545 34.555 34.564 34.574 34.583 34.593 34.603 34.613 34.623 34.633 34.643 34.653 34.664 34.674 34.684 34.695 34.706 34.716 34.727 34.737 34.748 34.759 34.77 34.78 34.791 34.802 34.812 34.823 34.834 34.844 34.854 34.865 34.875 34.885 34.895 34.905 34.915 34.925 34.934 34.944 34.953 34.963 34.972 34.981 34.99 34.998 35.007 35.016 35.024 35.032 35.04 35.049 35.056 35.064 35.072 35.079 35.087 35.094 35.101 35.108 35.115 35.122 35.128 35.135 35.141 35.147 35.152 35.158 35.163
34.45 34.459 34.468 34.478 34.487 34.497 34.506 34.516 34.526 34.536 34.546 34.556 34.566 34.576 34.587 34.597 34.608 34.619 34.629 34.64 34.651 34.662 34.673 34.684 34.694 34.705 34.716 34.727 34.738 34.749 34.76 34.771 34.781 34.792 34.803 34.813 34.823 34.834 34.844 34.854 34.864 34.874 34.883 34.893 34.902 34.912 34.921 34.93 34.939 34.948 34.957 34.965 34.974 34.982 34.99 34.998 35.006 35.014 35.022 35.03 35.037 35.045 35.052 35.059 35.066 35.073 35.079 35.086 35.092 35.098 35.104 35.109
34.382 34.391 34.4 34.41 34.419 34.429 34.438 34.448 34.458 34.468 34.479 34.489 34.499 34.51 34.52 34.531 34.542 34.552 34.563 34.574 34.585 34.596 34.607 34.619 34.63 34.641 34.652 34.663 34.674 34.685 34.696 34.707 34.718 34.729 34.74 34.751 34.761 34.772 34.782 34.792 34.803 34.813 34.822 34.832 34.842 34.851 34.861 34.87 34.879 34.888 34.897 34.906 34.915 34.923 34.932 34.94 34.948 34.956 34.964 34.972 34.98 34.988 34.995 35.003 35.01 35.017 35.024 35.031 35.037 35.044 35.05 35.056
34.313 34.322 34.332 34.341 34.351 34.361 34.37 34.38 34.39 34.401 34.411 34.421 34.432 34.443 34.453 34.464 34.475 34.486 34.497 34.508 34.519 34.531 34.542 34.553 34.565 34.576 34.587 34.599 34.61 34.621 34.633 34.644 34.655 34.666 34.677 34.688 34.699 34.71 34.72 34.731 34.741 34.751 34.761 34.771 34.781 34.791 34.8 34.81 34.819 34.828 34.837 34.846 34.855 34.864 34.873 34.881 34.89 34.898 34.906 34.915 34.923 34.931 34.938 34.946 34.954 34.961 34.968 34.975 34.982 34.989 34.995 35.002
34.244 34.254 34.263 34.273 34.282 34.292 34.302 34.312 34.322 34.333 34.343 34.354 34.364 34.375 34.386 34.397 34.408 34.419 34.431 34.442 34.453 34.465 34.476 34.488 34.499 34.511 34.522 34.534 34.546 34.557 34.569 34.58 34.591 34.603 34.614 34.625 34.636 34.647 34.658 34.669 34.679 34.689 34.7 34.71 34.72 34.73 34.739 34.749 34.759 34.768 34.777 34.786 34.795 34.804 34.813 34.822 34.831 34.839 34.848 34.856 34.865 34.873 34.881 34.889 34.897 34.905 34.912 34.92 34.927 34.934 34.941 34.947
34.175 34.185 34.194 34.204 34.213 34.223 34.233 34.244 34.254 34.264 34.275 34.286 34.296 34.307 34.318 34.33 34.341 34.352 34.364 34.375 34.387 34.398 34.41 34.422 34.434 34.445 34.457 34.469 34.481 34.493 34.504 34.516 34.528 34.539 34.551 34.562 34.573 34.584 34.595 34.606 34.617 34.627 34.638 34.648 34.658 34.668 34.678 34.688 34.698 34.707 34.717 34.726 34.735 34.744 34.753 34.762 34.771 34.78 34.789 34.798 34.806 34.815 34.823 34.832 34.84 34.848 34.856 34.864 34.871 34.879 34.886 34.893
34.106 34.115 34.125 34.134 34.144 34.154 34.164 34.175 34.185 34.196 34.206 34.217 34.228 34.239 34.25 34.262 34.273 34.285 34.296 34.308 34.32 34.332 34.344 34.356 34.368 34.38 34.392 34.404 34.416 34.428 34.44 34.452 34.463 34.475 34.487 34.498 34.51 34.521 34.532 34.543 34.554 34.565 34.576 34.586 34.596 34.607 34.617 34.627 34.636 34.646 34.656 34.665 34.675 34.684 34.693 34.702 34.712 34.721 34.73 34.739 34.747 34.756 34.765 34.774 34.782 34.791 34.799 34.807 34.815 34.823 34.831 34.838
34.036 34.045 34.055 34.065 34.075 34.085 34.095 34.106 34.116 34.127 34.138 34.149 34.16 34.171 34.182 34.194 34.205 34.217 34.229 34.241 34.253 34.265 34.277 34.289 34.301 34.313 34.326 34.338 34.35 34.362 34.375 34.387 34.399 34.411 34.423 34.435 34.446 34.458 34.469 34.48 34.491 34.502 34.513 34.524 34.534 34.545 34.555 34.565 34.575 34.585 34.594 34.604 34.614 34.623 34.633 34.642 34.651 34.661 34.67 34.679 34.688 34.697 34.706 34.715 34.724 34.733 34.742 34.75 34.759 34.767 34.775 34.783
33.966 33.975 33.985 33.995 34.005 34.015 34.026 34.036 34.047 34.057 34.068 34.079 34.091 34.102 34.113 34.125 34.137 34.149 34.161 34.173 34.185 34.197 34.209 34.222 34.234 34.247 34.259 34.272 34.284 34.297 34.309 34.322 34.334 34.346 34.358 34.37 34.382 34.394 34.406 34.417 34.428 34.439 34.45 34.461 34.472 34.482 34.492 34.503 34.513 34.523 34.533 34.542 34.552 34.562 34.571 34.581 34.591 34.6 34.61 34.619 34.628 34.638 34.647 34.657 34.666 34.675 34.684 34.693 34.702 34.71 34.719 34.727
33.896 33.905 33.915 33.925 33.935 33.945 33.956 33.966 33.977 33.988 33.999 34.01 34.021 34.033 34.044 34.056 34.068 34.08 34.092 34.104 34.117 34.129 34.142 34.154 34.167 34.18 34.193 34.205 34.218 34.231 34.243 34.256 34.269 34.281 34.294 34.306 34.318 34.33 34.342 34.353 34.365 34.376 34.387 34.398 34.409 34.419 34.43 34.44 34.45 34.46 34.47 34.48 34.49 34.5 34.51 34.519 34.529 34.539 34.549 34.558 34.568 34.578 34.588 34.597 34.607 34.616 34.626 34.635 34.644 34.654 34.662 34.671
33.825 33.835 33.844 33.854 33.865 33.875 33.885 33.896 33.907 33.918 33.929 33.94 33.952 33.963 33.975 33.987 33.999 34.011 34.023 34.036 34.048 34.061 34.074 34.087 34.099 34.112 34.125 34.138 34.151 34.164 34.177 34.19 34.203 34.216 34.228 34.241 34.253 34.265 34.277 34.289 34.301 34.312 34.323 34.334 34.345 34.356 34.367 34.377 34.387 34.397 34.408 34.418 34.428 34.438 34.447 34.457 34.467 34.477 34.487 34.497 34.507 34.517 34.527 34.537 34.547 34.557 34.567 34.577 34.587 34.596 34.606 34.615
33.754 33.764 33.773 33.783 33.794 33.804 33.815 33.825 33.836 33.847 33.858 33.87 33.881 33.893 33.905 33.917 33.929 33.942 33.954 33.967 33.979 33.992 34.005 34.018 34.031 34.045 34.058 34.071 34.084 34.098 34.111 34.124 34.137 34.15 34.163 34.176 34.188 34.201 34.213 34.225 34.236 34.248 34.259 34.271 34.282 34.292 34.303 34.314 34.324 34.334 34.344 34.354 34.365 34.375 34.385 34.395 34.405 34.415 34.425 34.435 34.446 34.456 34.466 34.477 34.487 34.497 34.508 34.518 34.528 34.538 34.548 34.558
33.683 33.692 33.702 33.712 33.723 33.733 33.744 33.754 33.765 33.776 33.788 33.799 33.811 33.823 33.835 33.847 33.859 33.872 33.884 33.897 33.91 33.923 33.936 33.95 33.963 33.976 33.99 34.003 34.017 34.03 34.044 34.057 34.071 34.084 34.097 34.11 34.123 34.135 34.148 34.16 34.172 34.184 34.195 34.206 34.217 34.228 34.239 34.25 34.26 34.27 34.28 34.291 34.301 34.311 34.321 34.331 34.342 34.352 34.362 34.373 34.384 34.394 34.405 34.416 34.426 34.437 34.448 34.459 34.469 34.48 34.49 34.501
33.611 33.621 33.631 33.641 33.651 33.661 33.672 33.683 33.694 33.705 33.717 33.728 33.74 33.752 33.764 33.776 33.789 33.801 33.814 33.827 33.84 33.854 33.867 33.88 33.894 33.908 33.921 33.935 33.949 33.963 33.976 33.99 34.004 34.017 34.031 34.044 34.057 34.07 34.082 34.095 34.107 34.119 34.13 34.142 34.153 34.164 34.174 34.185 34.195 34.206 34.216 34.226 34.237 34.247 34.257 34.267 34.278 34.288 34.299 34.31 34.321 34.332 34.343 34.354 34.365 34.376 34.387 34.399 34.41 34.421 34.432 34.443
33.539 33.549 33.559 33.569 33.579 33.59 33.6 33.611 33.622 33.634 33.645 33.657 33.669 33.681 33.693 33.705 33.718 33.731 33.744 33.757 33.77 33.783 33.797 33.811 33.825 33.838 33.852 33.866 33.881 33.895 33.909 33.923 33.937 33.95 33.964 33.977 33.991 34.004 34.017 34.029 34.041 34.053 34.065 34.076 34.088 34.099 34.109 34.12 34.13 34.141 34.151 34.161 34.172 34.182 34.192 34.203 34.213 34.224 34.235 34.246 34.257 34.268 34.28 34.291 34.303 34.314 34.326 34.338 34.35 34.361 34.373 34.384
33.467 33.476 33.486 33.497 33.507 33.517 33.528 33.539 33.55 33.562 33.573 33.585 33.597 33.609 33.621 33.634 33.646 33.659 33.672 33.686 33.699 33.713 33.727 33.741 33.755 33.769 33.783 33.797 33.812 33.826 33.84 33.855 33.869 33.883 33.897 33.911 33.924 33.937 33.95 33.963 33.975 33.988 33.999 34.011 34.022 34.033 34.044 34.054 34.065 34.075 34.085 34.096 34.106 34.116 34.127 34.137 34.148 34.159 34.17 34.181 34.193 34.204 34.216 34.228 34.24 34.252 34.264 34.276 34.289 34.235 34.313 34.325
33.394 33.404 33.414 33.424 33.434 33.445 33.456 33.467 33.478 33.489 33.501 33.512 33.524 33.537 33.549 33.562 33.575 33.588 33.601 33.614 33.628 33.642 33.656 33.67 33.684 33.699 33.713 33.728 33.742 33.757 33.772 33.786 33.801 33.815 33.829 33.843 33.857 33.871 33.884 33.897 33.909 33.921 33.933 33.945 33.956 33.967 33.978 33.988 33.999 34.009 34.019 34.029 34.04 34.05 34.06 34.071 34.082 34.093 34.104 34.116 34.127 34.139 34.151 34.163 34.176 34.189 34.201 33.903 34.182 34.24 34.253 34.266
33.321 33.331 33.341 33.351 33.361 33.372 33.383 33.394 33.405 33.416 33.428 33.44 33.452 33.464 33.476 33.489 33.502 33.515 33.529 33.542 33.556 33.57 33.584 33.599 33.613 33.628 33.642 33.657 33.672 33.687 33.702 33.717 33.732 33.747 33.761 33.775 33.79 33.803 33.817 33.83 33.842 33.855 33.867 33.878 33.889 33.9 33.911 33.921 33.932 33.942 33.952 33.962 33.972 33.983 33.993 34.004 34.015 34.026 34.037 34.049 34.061 34.073 34.086 34.098 34.111 33.972 33.987 34.151 34.165 34.178 34.192 34.205
33.248 33.257 33.267 33.278 33.288 33.298 33.309 33.32 33.331 33.343 33.354 33.366 33.378 33.391 33.403 33.416 33.429 33.442 33.456 33.47 33.484 33.498 33.512 33.527 33.541 33.556 33.571 33.586 33.602 33.617 33.632 33.648 33.663 33.678 33.693 33.707 33.722 33.736 33.749 33.763 33.775 33.788 33.8 33.811 33.822 33.833 33.844 33.854 33.864 33.874 33.884 33.894 33.904 33.915 33.925 33.936 33.947 33.958 33.97 33.981 33.994 34.006 34.019 34.032 34.046 34.059 34.023 33.652 34.101 34.116 34.076 33.887
33.174 33.184 33.194 33.204 33.214 33.225 33.235 33.246 33.258 33.269 33.281 33.293 33.305 33.317 33.33 33.343 33.356 33.369 33.383 33.397 33.411 33.425 33.439 33.454 33.469 33.484 33.5 33.515 33.531 33.546 33.562 33.577 33.593 33.608 33.624 33.639 33.653 33.668 33.681 33.695 33.708 33.72 33.732 33.744 33.755 33.765 33.776 33.786 33.796 33.806 33.815 33.825 33.835 33.845 33.544 33.867 33.878 33.889 33.901 33.913 33.925 33.938 33.951 33.965 33.979 33.957 33.952 33.91 33.899 33.982 33.607 33.934
33.1 33.11 33.12 33.13 33.14 33.151 33.161 33.172 33.183 33.195 33.206 33.218 33.231 33.243 33.256 33.269 33.282 33.295 33.309 33.323 33.337 33.351 33.366 33.381 33.396 33.412 33.427 33.443 33.459 33.475 33.491 33.507 33.522 33.538 33.554 33.569 33.584 33.599 33.613 33.627 33.64 33.652 33.664 33.676 33.687 33.697 33.707 33.717 33.727 33.736 33.746 33.755 33.765 33.775 33.786 33.796 33.807 33.819 33.831 33.843 33.856 33.869 33.883 33.897 33.83 33.807 33.782 33.794 33.729 33.442 33.716 33.69
33.026 33.035 33.045 33.055 33.065 33.076 33.087 33.098 33.109 33.12 33.132 33.144 33.156 33.168 33.181 33.194 33.207 33.221 33.234 33.248 33.263 33.277 33.292 33.307 33.323 33.338 33.354 33.37 33.386 33.402 33.419 33.435 33.451 33.468 33.484 33.499 33.515 33.53 33.544 33.558 33.571 33.584 33.596 33.607 33.618 33.628 33.638 33.647 33.657 33.666 33.675 33.684 33.694 33.704 33.714 33.725 33.736 33.748 33.76 33.772 33.785 33.799 33.646 33.678 33.281 33.588 32.956 33.583 33.043 33.36 33.441 33.395
32.951 32.96 32.97 32.98 32.99 33.001 33.012 33.022 33.034 33.045 33.057 33.068 33.081 33.093 33.106 33.119 33.132 33.145 33.159 33.173 33.188 33.202 33.217 33.233 33.248 33.264 33.28 33.296 33.313 33.329 33.346 33.363 33.38 33.396 33.413 33.429 33.445 33.46 33.475 33.489 33.502 33.515 33.527 33.538 33.548 33.558 33.568 33.577 33.586 33.594 33.603 33.613 33.622 33.632 33.642 33.652 33.664 33.675 33.687 33.7 33.629 33.666 33.204 33.085 32.852 33.19 33.263 33.332 33.268 33.304 33.044 33.324
32.876 32.885 32.895 32.905 32.915 32.926 32.936 32.947 32.958 32.969 32.981 32.993 33.005 33.017 33.03 33.043 33.056 33.07 33.083 33.098 33.112 33.127 33.142 33.157 33.173 33.189 33.205 33.222 33.239 33.256 33.273 33.29 33.307 33.324 33.341 33.358 33.374 33.39 33.405 33.42 33.433 33.446 33.457 33.468 33.478 33.488 33.497 33.505 33.514 33.522 33.531 33.539 33.548 33.558 33.568 33.578 33.59 33.601 33.614 33.415 33.536 33.504 33.288 32.969 32.754 32.688 32.588 32.724 32.937 33.164 32.633 33.093
32.8 32.81 32.82 32.829 32.839 32.85 32.86 32.871 32.882 32.893 32.905 32.917 32.929 32.941 32.953 32.966 32.98 32.993 33.007 33.021 33.036 33.051 33.066 33.081 33.097 33.113 33.13 33.146 33.164 33.181 33.198 33.216 33.234 33.251 33.269 33.286 33.303 33.319 33.335 33.349 33.363 33.376 33.387 33.398 33.408 33.416 33.425 33.433 33.441 33.448 33.456 33.465 33.474 33.483 33.493 33.503 33.514 33.526 33.518 33.512 33.393 33.096 33.196 33.033 32.818 32.561 32.226 32.363 32.822 32.292 31.888 32.194
32.725 32.734 32.744 32.753 32.763 32.773 32.784 32.795 32.805 32.817 32.828 32.84 32.852 32.864 32.877 32.889 32.903 32.916 32.93 32.944 32.959 32.973 32.989 33.004 33.02 33.037 33.053 33.07 33.088 33.105 33.123 33.141 33.159 33.177 33.195 33.213 33.231 33.248 33.264 33.279 33.293 33.305 33.317 33.327 33.336 33.344 33.352 33.359 33.366 33.374 33.381 33.389 33.397 33.406 33.416 33.426 33.437 33.385 33.358 33.313 33.229 33.076 32.995 32.909 32.892 32.781 32.566 32.355 31.872 31.809 31.606 31.624
32.649 32.658 32.667 32.677 32.687 32.697 32.707 32.718 32.729 32.74 32.751 32.763 32.774 32.787 32.799 32.812 32.825 32.838 32.852 32.866 32.881 32.896 32.911 32.926 32.942 32.959 32.976 32.993 33.01 33.028 33.047 33.065 33.084 33.102 33.121 33.14 33.158 33.176 33.192 33.208 33.222 33.235 33.246 33.255 33.264 33.271 33.278 33.284 33.291 33.297 33.304 33.311 33.319 33.328 33.337 33.348 33.302 33.247 33.207 33.141 32.954 32.675 32.592 32.566 32.324 32.124 32.314 32.449 32.311 31.955 31.905 31.846
32.572 32.581 32.591 32.6 32.61 32.62 32.63 32.64 32.651 32.662 32.673 32.685 32.696 32.709 32.721 32.734 32.747 32.76 32.774 32.788 32.802 32.817 32.832 32.848 32.864 32.88 32.897 32.914 32.932 32.95 32.969 32.988 33.007 33.026 33.046 33.065 33.084 33.102 33.12 33.136 33.151 33.163 33.174 33.183 33.191 33.197 33.203 33.208 33.213 33.219 33.225 33.232 33.24 33.248 33.23 33.207 33.155 33.081 33.049 32.996 32.813 32.385 32.437 32.266 32.157 31.761 31.646 31.806 31.876 31.703 31.671 31.83
32.495 32.504 32.514 32.523 32.533 32.542 32.552 32.563 32.573 32.584 32.595 32.606 32.618 32.63 32.642 32.655 32.668 32.681 32.694 32.708 32.723 32.737 32.753 32.768 32.784 32.801 32.818 32.835 32.853 32.871 32.89 32.909 32.929 32.949 32.969 32.989 33.009 33.028 33.047 33.064 33.079 33.092 33.102 33.028 33.116 33.121 33.126 33.13 33.134 33.139 33.128 33.127 33.142 33.109 33.085 33.038 32.902 32.792 32.88 32.704 32.786 32.549 32.5 32.304 32.172 32.081 31.835 31.693 31.536 31.643 31.285 31.638
