raster/aptann.grid
ncols         501
nrows         361
xllcorner     109.95
yllcorner     -45.05
cellsize      0.1
NODATA_value  -9999
[rows 32 to 63 of 361, columns 144 to 215 of 501]
37.83 37.813 37.795 37.777 37.758 37.74 37.721 37.701 37.682 37.662 37.642 37.621 37.601 37.58 37.558 37.537 37.515 37.493 37.47 37.447 37.424 37.401 37.377 37.353 37.329 37.305 37.28 37.255 37.23 37.204 37.178 37.152 37.125 37.098 37.071 37.044 37.016 36.988 36.96 36.931 36.902 36.873 36.843 36.813 36.783 36.752 36.721 36.689 36.658 36.626 36.593 36.56 36.527 36.494 36.46 36.426 36.391 36.356 36.321 36.286 36.251 36.217 36.183 36.151 36.124 36.105 36.096 35.92 36.097 36.102 36.107 36.113
37.786 37.769 37.751 37.733 37.715 37.696 37.677 37.658 37.639 37.619 37.599 37.579 37.558 37.537 37.516 37.494 37.473 37.451 37.428 37.405 37.383 37.359 37.336 37.312 37.288 37.263 37.239 37.214 37.188 37.163 37.137 37.111 37.084 37.058 37.031 37.003 36.976 36.948 36.919 36.891 36.862 36.832 36.803 36.773 36.743 36.712 36.681 36.65 36.618 36.586 36.554 36.521 36.488 36.454 36.42 36.386 36.351 36.316 36.28 36.244 36.208 36.172 36.135 36.1 36.068 36.046 36.041 35.879 35.949 36.033 36.007 36.073
37.743 37.725 37.708 37.69 37.672 37.653 37.635 37.616 37.596 37.577 37.557 37.536 37.516 37.495 37.474 37.452 37.431 37.409 37.386 37.364 37.341 37.318 37.294 37.271 37.247 37.222 37.198 37.173 37.148 37.122 37.097 37.07 37.044 37.018 36.991 36.963 36.936 36.908 36.88 36.851 36.822 36.793 36.764 36.734 36.704 36.673 36.643 36.611 36.58 36.548 36.515 36.483 36.45 36.416 36.382 36.348 36.313 36.278 36.242 36.206 36.169 36.132 35.936 36.057 36.019 35.787 35.759 35.82 35.805 36.016 35.961 35.979
37.699 37.682 37.665 37.647 37.629 37.611 37.592 37.573 37.554 37.534 37.514 37.494 37.474 37.453 37.432 37.411 37.389 37.367 37.345 37.323 37.3 37.277 37.253 37.23 37.206 37.182 37.157 37.133 37.107 37.082 37.057 37.031 37.004 36.978 36.951 36.924 36.897 36.869 36.841 36.813 36.784 36.755 36.726 36.696 36.666 36.636 36.605 36.574 36.543 36.511 36.479 36.446 36.413 36.38 36.346 36.312 36.278 36.243 36.208 36.172 36.136 36.099 36.062 35.921 35.991 35.927 35.718 35.868 35.868 35.961 35.987 35.963
37.656 37.639 37.622 37.604 37.586 37.568 37.55 37.531 37.512 37.492 37.473 37.453 37.432 37.412 37.391 37.369 37.348 37.326 37.304 37.282 37.259 37.236 37.213 37.189 37.166 37.142 37.117 37.093 37.068 37.042 37.017 36.991 36.965 36.939 36.912 36.885 36.858 36.831 36.803 36.775 36.746 36.717 36.688 36.659 36.629 36.599 36.569 36.538 36.507 36.475 36.444 36.411 36.379 36.346 36.313 36.279 36.245 36.211 36.176 36.141 36.107 35.987 36.037 35.752 35.947 35.957 35.754 35.732 35.685 35.862 35.958 35.841
37.613 37.596 37.579 37.562 37.544 37.526 37.507 37.489 37.47 37.45 37.431 37.411 37.391 37.37 37.349 37.328 37.307 37.285 37.263 37.241 37.219 37.196 37.173 37.149 37.126 37.102 37.078 37.053 37.028 37.003 36.978 36.952 36.926 36.9 36.874 36.847 36.82 36.793 36.765 36.737 36.709 36.681 36.652 36.623 36.593 36.563 36.533 36.503 36.472 36.441 36.41 36.378 36.346 36.314 36.281 36.248 36.215 36.182 36.148 36.115 36.082 36.049 36.018 35.939 35.699 35.862 35.859 35.641 35.853 35.925 35.843 35.832
37.57 37.554 37.537 37.519 37.502 37.484 37.466 37.447 37.428 37.409 37.389 37.37 37.35 37.329 37.308 37.288 37.266 37.245 37.223 37.201 37.178 37.156 37.133 37.11 37.086 37.062 37.038 37.014 36.989 36.964 36.939 36.914 36.888 36.862 36.836 36.81 36.783 36.756 36.728 36.701 36.673 36.645 36.616 36.587 36.558 36.529 36.499 36.469 36.439 36.408 36.377 36.346 36.315 36.283 36.251 36.219 36.187 36.155 36.123 36.091 35.915 35.918 35.905 35.732 35.435 35.407 35.738 35.632 35.392 35.78 35.778 35.587
37.528 37.511 37.494 37.477 37.46 37.442 37.424 37.405 37.387 37.368 37.348 37.329 37.309 37.288 37.268 37.247 37.226 37.204 37.183 37.161 37.138 37.116 37.093 37.07 37.047 37.023 36.999 36.975 36.951 36.926 36.901 36.876 36.851 36.825 36.799 36.773 36.746 36.719 36.692 36.665 36.637 36.609 36.581 36.553 36.524 36.495 36.466 36.436 36.407 36.377 36.346 36.316 36.285 36.254 36.223 36.192 36.161 36.13 36.093 36.07 36.04 35.977 35.916 35.962 35.514 35.28 35.606 35.601 35.877 35.56 35.645 35.411
37.485 37.469 37.452 37.435 37.418 37.4 37.382 37.364 37.345 37.326 37.307 37.288 37.268 37.248 37.227 37.207 37.186 37.164 37.143 37.121 37.099 37.076 37.054 37.031 37.008 36.984 36.961 36.937 36.913 36.888 36.863 36.838 36.813 36.788 36.762 36.736 36.71 36.683 36.657 36.63 36.602 36.575 36.547 36.519 36.491 36.462 36.434 36.405 36.375 36.346 36.316 36.287 36.257 36.227 36.197 36.167 36.137 36.107 35.86 36.043 35.911 35.966 35.86 35.391 35.743 35.461 35.53 35.543 35.288 35.822 35.688 35.656
37.443 37.427 37.41 37.393 37.376 37.359 37.341 37.323 37.304 37.286 37.266 37.247 37.227 37.207 37.187 37.167 37.146 37.125 37.103 37.081 37.059 37.037 37.015 36.992 36.969 36.946 36.922 36.899 36.875 36.851 36.826 36.801 36.776 36.751 36.726 36.7 36.674 36.648 36.622 36.595 36.568 36.541 36.514 36.486 36.458 36.43 36.402 36.374 36.345 36.316 36.287 36.259 36.229 36.2 36.171 36.143 36.114 36.086 35.746 35.917 35.398 35.781 35.816 35.108 35.546 35.013 35.161 35.486 35.734 35.61 35.676 35.456
37.401 37.385 37.369 37.352 37.335 37.318 37.3 37.282 37.264 37.245 37.226 37.207 37.187 37.167 37.147 37.127 37.106 37.085 37.064 37.042 37.02 36.998 36.976 36.954 36.931 36.908 36.884 36.861 36.837 36.813 36.789 36.765 36.74 36.715 36.69 36.665 36.639 36.613 36.587 36.561 36.534 36.508 36.481 36.454 36.427 36.399 36.371 36.344 36.316 36.288 36.26 36.231 36.203 36.175 36.147 36.12 36.092 36.043 36.039 36.005 35.91 35.926 35.871 35.267 34.58 35.363 35.311 35.561 35.666 35.678 35.433 35.369
37.359 37.343 37.327 37.31 37.294 37.276 37.259 37.241 37.223 37.204 37.186 37.166 37.147 37.127 37.107 37.087 37.066 37.046 37.024 37.003 36.982 36.96 36.938 36.915 36.893 36.87 36.847 36.824 36.8 36.776 36.752 36.728 36.704 36.679 36.654 36.629 36.604 36.579 36.553 36.527 36.501 36.475 36.449 36.422 36.395 36.369 36.342 36.314 36.287 36.26 36.233 36.205 36.178 36.151 36.124 36.098 36.072 36.046 36.021 35.983 35.95 35.772 35.533 35.709 35.05 35.094 34.878 34.69 35.091 35.586 35.136 35.17
37.317 37.302 37.286 37.269 37.252 37.235 37.218 37.2 37.182 37.164 37.145 37.126 37.107 37.087 37.068 37.047 37.027 37.006 36.985 36.964 36.943 36.921 36.899 36.877 36.855 36.832 36.809 36.786 36.763 36.74 36.716 36.692 36.668 36.644 36.619 36.595 36.57 36.545 36.52 36.494 36.469 36.443 36.417 36.391 36.365 36.339 36.312 36.286 36.259 36.233 36.206 36.18 36.154 36.127 36.102 36.076 36.051 36.027 35.791 35.957 35.907 35.738 35.764 35.746 34.535 34.481 35.031 35.018 34.962 35.467 35.253 34.602
37.275 37.26 37.244 37.228 37.212 37.195 37.177 37.16 37.142 37.124 37.105 37.086 37.067 37.048 37.028 37.008 36.988 36.967 36.947 36.926 36.904 36.883 36.861 36.839 36.817 36.795 36.772 36.75 36.727 36.703 36.68 36.656 36.633 36.609 36.585 36.56 36.536 36.511 36.487 36.462 36.437 36.411 36.386 36.361 36.335 36.309 36.284 36.258 36.232 36.206 36.181 36.155 36.13 36.105 36.08 36.055 36.032 35.983 35.817 35.894 35.921 35.868 34.711 35.748 35.541 34.899 34.79 34.967 34.579 35.067 35.126 34.879
37.234 37.219 37.203 37.187 37.171 37.154 37.137 37.12 37.102 37.084 37.065 37.047 37.028 37.008 36.989 36.969 36.949 36.929 36.908 36.887 36.866 36.845 36.823 36.802 36.78 36.758 36.735 36.713 36.69 36.667 36.644 36.621 36.598 36.574 36.55 36.526 36.502 36.478 36.454 36.429 36.405 36.38 36.355 36.33 36.305 36.28 36.255 36.23 36.205 36.18 36.155 36.131 36.106 36.082 36.058 35.76 35.95 35.951 35.754 35.83 35.898 35.859 35.847 35.722 34.426 35.206 35.151 35.232 35.262 35.132 35.181 34.943
37.193 37.177 37.162 37.146 37.13 37.114 37.097 37.079 37.062 37.044 37.026 37.007 36.988 36.969 36.95 36.93 36.91 36.89 36.869 36.849 36.828 36.807 36.786 36.764 36.742 36.721 36.699 36.676 36.654 36.631 36.609 36.586 36.563 36.54 36.516 36.493 36.469 36.445 36.422 36.398 36.373 36.349 36.325 36.301 36.276 36.252 36.228 36.203 36.179 36.155 36.131 36.107 36.083 36.06 35.896 35.867 35.807 35.624 35.479 35.747 35.871 35.709 35.78 35.512 35.628 35.279 35.303 35.453 35.331 35.389 35.343 34.872
37.151 37.136 37.121 37.106 37.09 37.073 37.056 37.039 37.022 37.004 36.986 36.968 36.949 36.93 36.911 36.891 36.871 36.851 36.831 36.811 36.79 36.769 36.748 36.727 36.705 36.56 36.514 36.64 36.618 36.596 36.573 36.551 36.528 36.505 36.482 36.459 36.436 36.413 36.389 36.366 36.342 36.319 36.295 36.271 36.248 36.224 36.2 36.177 36.153 36.13 36.106 36.083 36.061 36.038 35.927 35.7 35.839 35.045 35.679 35.71 35.814 35.732 35.737 35.805 35.703 34.86 35.524 35.604 35.539 35.494 35.367 35.211
37.11 37.095 37.08 37.065 37.049 37.033 37.016 36.999 36.982 36.964 36.946 36.928 36.91 36.891 36.872 36.852 36.833 36.616 36.793 36.692 36.752 36.655 36.377 36.69 36.668 36.271 36.535 36.309 36.582 36.56 36.538 36.516 36.494 36.471 36.449 36.426 36.403 36.381 36.358 36.335 36.312 36.289 36.265 36.242 36.219 36.196 36.173 36.15 36.127 36.105 36.082 36.06 36.038 36.017 35.728 35.921 35.66 35.38 35.327 34.997 35.806 35.7 35.425 34.418 35.728 35.248 35.653 35.455 35.579 35.457 35.187 35.102
37.069 37.055 37.04 37.025 37.009 36.993 36.976 36.96 36.942 36.925 36.907 36.889 36.87 36.852 36.833 36.813 36.794 36.661 36.225 36.734 36.709 36.694 36.673 36.652 36.601 36.457 36.054 35.812 36.208 36.006 35.877 36.481 36.46 36.438 36.415 36.393 36.371 36.349 36.326 36.304 36.281 36.259 36.236 36.214 36.191 36.169 36.146 36.124 36.102 36.08 36.058 36.037 36.016 35.995 35.907 35.782 35.603 35.575 35.519 35.714 35.72 35.668 34.882 35.216 35.505 35.646 35.579 35.273 35.586 35.148 34.764 35.189
37.028 37.014 36.999 36.984 36.969 36.953 36.937 36.92 36.903 36.885 36.868 36.85 36.831 36.255 36.794 36.775 36.755 36.736 36.716 36.685 36.381 36.656 36.636 36.615 36.399 36.366 36.06 36.122 35.683 35.879 35.586 35.907 36.425 36.404 36.382 36.36 36.338 36.317 36.295 36.273 36.251 36.229 36.207 36.185 36.163 36.141 36.119 36.098 36.077 36.055 36.034 35.978 35.994 35.56 35.892 35.885 35.796 35.369 34.328 35.63 35.618 35.677 35.276 35.48 35.203 35.506 35.478 35.242 35.446 35.518 35.277 35.226
36.987 36.973 36.959 36.944 36.929 36.913 36.897 36.88 36.863 36.846 36.828 36.81 36.792 36.774 36.755 36.736 36.717 36.698 36.649 36.658 36.509 36.56 36.599 36.411 36.038 36.354 36.297 35.89 35.473 35.53 35.669 35.259 36.004 36.37 36.349 36.328 36.306 36.285 36.263 36.242 36.22 36.199 36.178 36.156 36.135 36.114 36.093 36.072 36.051 36.031 36.011 35.975 35.794 35.6 35.82 35.886 35.832 35.664 35.329 32.643 32.258 34.665 34.284 34.621 34.426 35.227 35.051 35.161 35.267 35.447 35.499 35.126
36.946 36.933 36.918 36.904 36.889 36.873 36.857 36.841 36.567 36.807 36.789 36.771 35.867 36.735 36.716 36.697 35.568 36.281 36.381 36.338 35.419 35.688 36.333 35.953 36.002 36.202 35.963 35.563 35.259 35.508 35.074 35.626 35.556 35.938 36.316 36.295 36.274 36.253 36.232 36.211 36.19 36.169 36.149 36.128 36.107 36.087 36.066 36.046 36.026 36.006 35.987 35.535 35.591 35.275 35.458 35.874 34.939 35.538 34.999 33.742 33.275 33.841 34.528 34.869 35.013 35.15 34.915 34.713 34.468 34.88 35.29 35.359
36.906 36.892 36.878 36.864 36.849 36.833 36.817 36.801 36.784 36.767 36.75 36.732 36.714 36.696 36.677 36.659 36.49 36.138 36.024 35.915 35.103 36.024 36.274 36.164 36.005 36.061 35.368 35.281 35.41 35.307 35.3 35.162 35.414 36.113 36.283 36.262 36.242 36.221 36.201 36.181 36.16 36.14 36.12 36.099 36.079 36.059 36.04 36.02 36.001 35.982 35.808 35.419 35.575 35.496 35.771 35.847 34.163 34.846 34.628 34.191 32.211 33.76 34.244 34.286 34.183 34.801 34.16 34.459 34.676 34.61 35.099 35.338
36.865 36.852 36.838 36.824 36.809 36.794 36.317 36.761 36.745 36.728 36.71 36.283 36.675 36.657 36.608 36.62 36.601 35.706 35.426 35.523 35.804 35.504 35.628 36.145 35.851 35.93 35.35 35.304 34.954 35.207 35.091 35.079 35.434 35.762 35.468 36.23 36.21 36.19 36.17 36.15 36.13 36.11 36.091 36.071 36.052 36.032 36.013 35.994 35.975 35.957 35.939 35.921 35.757 35.856 35.525 34.628 35.326 33.815 34.535 34.49 34.239 34.13 34.449 34.623 34.558 34.232 34.264 34.16 34.348 34.336 35.058 34.917
36.824 36.811 36.798 36.784 36.769 36.754 36.738 36.722 36.705 36.575 36.506 36.053 36.267 35.715 36.287 36.581 35.57 35.698 35.702 35.456 35.605 35.63 35.051 35.564 35.037 35.87 35.115 34.875 35.002 34.972 34.79 34.923 35.947 35.74 35.454 35.016 36.093 36.158 36.139 36.119 36.1 36.081 36.062 36.043 36.024 36.005 35.986 35.968 35.95 35.932 35.914 35.897 35.88 35.864 35.793 33.7 32.657 35.603 34.322 34.641 34.732 34.796 34.63 34.309 34.127 34.229 34.195 34.325 34.619 34.929 34.453 34.687
36.784 36.771 36.758 36.744 36.729 36.714 36.698 36.682 36.566 36.353 36.014 36.104 36.231 36.212 35.001 34.532 36.135 35.696 35.481 35.111 35.081 35.13 34.982 35.236 34.999 35.033 35.476 34.497 34.819 34.988 34.488 35.059 35.415 35.732 35.551 35.224 35.266 36.117 36.107 36.089 36.07 36.051 36.032 36.014 35.996 35.977 35.959 35.942 35.924 35.907 35.89 35.873 35.857 35.101 35.555 35.408 35.511 35.505 32.354 35.519 34.692 34.241 34.907 34.462 34.126 34.262 34.573 34.547 34.742 34.346 34.749 34.002
36.743 36.731 36.718 36.704 36.689 36.674 36.658 36.642 36.625 35.951 35.055 35.781 35.479 35.752 34.636 35.321 35.233 35.054 35.062 34.521 34.784 35.164 35.383 35.702 35.451 35.053 35.047 34.768 34.195 34.582 34.963 35.321 35.352 34.889 35.288 35.238 35.161 34.945 36.076 36.058 35.989 35.998 36.003 35.985 35.967 35.95 35.932 35.915 35.898 35.882 35.865 35.779 35.822 35.818 35.802 35.056 35.755 34.012 34.528 35.189 34.01 35.122 34.931 34.758 34.912 34.927 34.552 34.486 34.47 34.798 34.956 35.047
36.703 36.691 36.678 36.664 36.65 36.634 36.618 36.602 36.585 36.568 35.208 35.036 35.322 35.453 34.921 34.335 34.313 34.41 34.792 34.701 34.724 34.582 35.046 35.205 35.527 35.235 34.195 34.177 34.136 34.646 34.713 34.709 34.91 34.954 34.64 34.903 35.458 35.767 36.045 36.027 36.009 35.952 35.951 35.943 35.922 35.899 35.869 35.886 35.872 35.848 35.84 35.824 35.809 34.644 35.754 34.143 33.634 35.327 35.359 35.531 35.319 34.741 34.593 34.709 33.855 34.534 34.471 34.591 34.414 34.717 34.01 34.767
36.662 36.651 36.638 36.624 36.61 36.212 36.578 36.562 36.545 35.949 36.511 35.692 35.096 35.112 34.515 34.405 34.312 34.373 34.408 34.657 34.235 34.386 34.499 34.566 35.384 34.588 34.401 34.001 34.302 34.616 34.247 34.738 34.369 34.341 34.375 34.388 34.909 36.03 36.013 35.995 35.887 35.954 35.688 35.311 35.771 35.86 35.837 35.856 35.846 35.794 35.792 35.794 35.785 35.367 34.837 34.819 35.031 34.6 34.595 35.132 34.764 34.09 34.769 35.142 35.362 35.054 34.28 34.18 34.167 34.606 34.666 34.667
36.621 36.61 36.598 36.584 36.569 36.554 36.537 36.115 36.504 36.454 36.47 35.218 34.805 34.899 34.589 34.6 34.119 34.379 34.311 34.453 34.274 34.031 34.406 34.953 34.646 34.494 34.346 34.06 34.308 34.534 34.18 34.396 34.963 34.563 35.322 35.945 33.951 35.998 35.981 35.804 35.922 35.813 35.737 35.415 35.602 35.803 35.787 35.802 35.819 35.767 35.753 35.621 35.757 34.895 35.316 34.723 35.046 34.824 35.033 34.472 34.181 33.98 34.993 35.437 35.325 34.39 34.052 33.683 34.084 34.195 34.678 34.761
36.581 36.57 36.558 36.544 36.529 36.505 36.278 35.754 36.088 35.483 35.468 35.697 34.648 34.308 34.361 34.329 34.198 33.915 34.018 34.187 33.957 34.107 34.435 34.473 34.133 34.587 33.895 33.564 34.276 34.293 34.383 35.066 35.325 35.553 35.749 35.997 34.382 35.965 35.949 35.707 35.664 35.62 35.65 35.576 35.332 35.537 35.679 35.665 35.748 35.739 35.725 35.472 35.598 35.574 35.707 35.6 34.24 35.273 34.477 34.31 33.865 35.257 35.343 35.318 33.817 34.663 34.378 34.236 34 34.185 34.5 34.566
36.285 36.383 36.518 36.503 36.487 36.471 36.454 36.437 35.274 35.178 34.772 34.928 35.618 35.339 34.619 34.48 34.112 33.903 33.893 33.801 33.891 33.363 34.005 34.046 34.086 34.482 34.403 34.184 33.861 34.449 34.636 34.755 35.155 35.407 34.103 34.784 35.948 35.932 35.621 35.849 35.065 35.305 35.219 35.536 34.169 35.436 35.572 35.669 35.721 35.599 35.692 35.16 34.672 34.515 35.148 34.745 34.898 35.351 34.256 34.602 35.179 34.811 35.489 35.305 34.924 34.582 34.071 34.367 34.306 34.001 34.162 34.53
