raster/aptann.grid
ncols         501
nrows         361
xllcorner     109.95
yllcorner     -45.05
cellsize      0.1
NODATA_value  -9999
[rows 64 to 95 of 361, columns 288 to 359 of 501]
35.058 35.061 35.063 35.065 35.065 35.065 35.064 35.063 35.06 35.057 35.053 35.048 35.042 35.035 35.027 35.019 35.009 34.999 34.988 34.976 34.963 34.95 34.936 34.921 34.906 34.889 34.872 34.855 34.813 34.779 34.747 34.721 34.692 34.632 34.565 34.512 34.426 34.326 34.224 34.164 34.162 34.062 33.971 33.913 33.597 33.725 33.651 33.376 33.29 33.375 33.561 33.44 33.615 33.548 33.571 33.45 33.412 33.53 33.089 33.277 32.996 32.806 31.123 32.786 32.945 33.674 33.64 33.608 33.576 33.546 33.516 33.489
35.041 35.044 35.046 35.048 35.049 35.049 35.048 35.047 35.044 35.041 35.037 35.032 35.026 35.019 35.011 35.002 34.992 34.982 34.97 34.958 34.945 34.932 34.917 34.902 34.886 34.869 34.852 34.834 34.797 34.764 34.694 34.677 34.594 34.564 34.551 34.506 34.427 34.366 34.308 34.224 34.14 34.015 33.942 33.808 33.735 33.307 33.405 33.277 32.373 32.739 32.91 33.19 33.418 33.467 33.324 33.272 33.485 33.218 33.374 33.271 31.578 32.777 32.887 31.835 32.853 33.629 33.595 33.561 33.529 33.497 33.468 33.439
35.023 35.026 35.029 35.031 35.032 35.033 35.032 35.031 35.029 35.025 35.021 35.016 35.01 35.003 34.994 34.986 34.976 34.965 34.953 34.941 34.927 34.913 34.898 34.883 34.866 34.849 34.831 34.795 34.753 34.699 34.661 34.538 34.6 34.492 34.502 34.424 34.388 34.35 34.289 34.227 34.144 34.01 33.913 33.774 33.51 33.477 33.309 33.113 32.761 32.597 33.071 32.932 33.268 32.796 33.165 33.294 33.359 32.926 32.341 32.231 32.416 33.111 31.5 33.546 33.46 33.193 33.549 33.515 33.481 33.449 33.418 33.389
35.005 35.009 35.012 35.014 35.016 35.017 35.016 35.015 35.013 35.01 35.006 35 34.994 34.987 34.978 34.969 34.959 34.948 34.936 34.923 34.909 34.895 34.88 34.863 34.847 34.829 34.811 34.761 34.733 34.683 34.663 34.592 34.56 34.495 34.468 34.428 34.371 34.248 34.249 34.175 34.097 34.01 33.889 33.766 33.663 33.476 33.126 33.11 33.134 33.16 32.523 32.92 32.728 32.985 33.075 32.762 32.689 33.029 33.059 32.733 30.09 32.664 31.712 32.815 32.684 28.759 33.503 33.468 33.433 33.401 33.369 33.339
34.987 34.992 34.995 34.998 35 35.001 35.001 35 34.998 34.994 34.99 34.985 34.978 34.971 34.963 34.953 34.943 34.931 34.919 34.906 34.891 34.877 34.861 34.844 34.827 34.809 34.79 34.753 34.719 34.645 34.589 34.519 34.511 34.457 34.439 34.39 34.311 34.263 34.192 34.132 34.071 33.984 33.891 33.751 33.566 33.481 33.103 33.317 33.132 32.592 32.499 32.724 32.203 32.547 32.441 31.652 31.845 31.142 31.738 32.844 32.371 32.555 32.111 31.201 31.181 27.547 33.458 33.421 33.386 33.352 33.32 33.289
34.969 34.974 34.978 34.981 34.984 34.985 34.985 34.984 34.982 34.979 34.975 34.97 34.963 34.955 34.947 34.937 34.926 34.914 34.902 34.888 34.874 34.858 34.842 34.825 34.808 34.789 34.768 34.719 34.687 34.642 34.594 34.538 34.482 34.416 34.392 34.332 34.28 34.206 34.147 34.074 33.996 33.928 33.851 33.63 33.606 33.442 33.492 33.447 33.248 32.216 32.836 32.809 32.642 31.659 32.55 31.723 31.363 29.995 29.903 29.641 32.404 32.218 32.522 30.22 31.177 31.461 33.412 33.374 33.338 33.303 33.27 33.239
34.951 34.957 34.961 34.965 34.968 34.969 34.97 34.969 34.967 34.964 34.96 34.955 34.948 34.94 34.931 34.921 34.91 34.898 34.885 34.871 34.856 34.84 34.824 34.806 34.788 34.769 34.745 34.716 34.673 34.609 34.572 34.493 34.435 34.376 34.337 34.276 34.221 34.154 34.1 34.048 33.945 33.864 33.789 33.756 33.637 33.579 33.413 33.13 32.678 33.174 32.935 31.856 31.848 32.748 32.518 32.032 31.03 30.289 31.291 31.944 30.884 30.522 28.512 31.571 31.194 32.3 30.305 33.328 33.29 33.254 33.22 33.188
34.933 34.939 34.944 34.948 34.952 34.954 34.954 34.954 34.952 34.949 34.945 34.94 34.933 34.925 34.916 34.905 34.894 34.881 34.868 34.853 34.838 34.822 34.805 34.787 34.769 34.749 34.729 34.686 34.642 34.576 34.54 34.47 34.428 34.374 34.296 34.252 34.189 34.131 34.045 34.004 33.963 33.938 33.773 33.667 33.601 33.446 33.269 33.13 33.104 32.96 32.73 32.533 32.413 32.284 32.344 32.166 32.177 31.442 31.363 30.942 31.124 30.656 30.146 30.705 32.641 32.182 29.722 33.281 33.242 33.205 33.17 33.137
34.915 34.921 34.927 34.932 34.936 34.938 34.939 34.939 34.938 34.935 34.931 34.925 34.918 34.91 34.9 34.889 34.878 34.865 34.851 34.836 34.82 34.804 34.786 34.768 34.749 34.729 34.69 34.651 34.625 34.566 34.514 34.452 34.394 34.322 34.276 34.226 34.173 34.105 34.022 33.959 33.901 33.88 33.788 33.648 33.547 33.43 33.343 33.177 32.985 32.897 32.744 32.787 32.277 31.86 31.645 31.598 31.245 30.069 30.718 30.795 30.729 30.709 25.835 29.714 31.69 33.12 33.052 33.235 33.195 33.156 33.119 33.086
34.896 34.904 34.91 34.916 34.92 34.923 34.924 34.924 34.923 34.92 34.916 34.91 34.903 34.894 34.885 34.873 34.861 34.848 34.834 34.818 34.802 34.785 34.767 34.749 34.729 34.709 34.67 34.624 34.582 34.531 34.498 34.446 34.381 34.339 34.268 34.237 34.163 34.115 34.021 33.953 33.898 33.84 33.733 33.669 33.546 33.43 33.348 33.286 33.078 32.931 32.866 32.931 32.862 32.526 31.318 31.559 31.207 30.582 29.582 30.834 29.046 29.874 26.245 30.667 26.166 32.827 33.191 33.19 33.148 33.107 33.069 33.034
34.877 34.886 34.893 34.899 34.904 34.907 34.909 34.91 34.829 34.906 34.901 34.896 34.888 34.879 34.869 34.858 34.845 34.831 34.816 34.801 34.784 34.766 34.748 34.729 34.71 34.689 34.656 34.617 34.577 34.514 34.499 34.436 34.373 34.322 34.273 34.194 34.101 34.079 33.982 33.899 33.834 33.738 33.726 33.687 33.677 33.508 33.395 33.31 33.074 33.074 33.129 33.05 32.984 32.223 32.394 31.862 32.138 30.727 31.762 31.022 30.097 30.077 30.677 31.139 25.983 26.091 32.739 33.146 33.101 33.059 33.019 32.983
34.858 34.867 34.875 34.882 34.888 34.885 34.884 34.751 34.837 34.798 34.887 34.881 34.873 34.864 34.853 34.841 34.828 34.814 34.799 34.783 34.765 34.748 34.729 34.71 34.689 34.64 34.629 34.592 34.555 34.536 34.477 34.417 34.364 34.297 34.235 34.16 34.082 34.017 33.961 33.879 33.787 33.742 33.651 33.629 33.584 33.571 33.512 33.376 33.307 33.139 33.121 32.81 32.611 32.838 32.616 32.506 32.462 32.05 31.554 31.635 31.163 31.521 31.354 31.115 29.026 28.859 32.992 33.103 33.056 33.012 32.97 32.931
34.839 34.849 34.858 34.865 34.859 34.771 34.857 34.881 34.88 34.877 34.873 34.866 34.858 34.849 34.838 34.825 34.811 34.797 34.781 34.764 34.747 34.728 34.709 34.69 34.669 34.638 34.59 34.544 34.513 34.45 34.432 34.382 34.319 34.252 34.196 34.15 34.064 34.001 33.943 33.887 33.824 33.727 33.617 33.495 33.553 33.467 33.403 33.281 33.175 33.164 33.037 33.045 32.82 32.442 31.887 32.193 31.828 32.251 31.975 31.877 31.628 31.489 30.689 31.14 30.911 26.395 30.669 32.609 33.013 32.966 32.921 32.88
34.818 34.829 34.84 34.848 34.85 34.856 34.865 34.866 34.866 34.863 34.859 34.852 34.843 34.833 34.821 34.808 34.794 34.779 34.762 34.745 34.727 34.709 34.689 34.669 34.639 34.619 34.574 34.508 34.453 34.43 34.374 34.335 34.275 34.204 34.138 34.081 34.018 33.968 33.911 33.814 33.741 33.69 33.613 33.566 33.372 33.285 33.331 33.153 33.006 32.965 32.963 32.971 32.782 32.495 32.289 32.067 31.398 31.721 31.965 31.767 31.717 31.283 30.761 29.817 31.161 30.772 28.966 29.271 32.95 32.922 32.874 32.831
34.797 34.81 34.821 34.831 34.839 34.846 34.85 34.852 34.852 34.849 34.844 34.837 34.828 34.817 34.805 34.791 34.776 34.76 34.744 34.726 34.707 34.688 34.669 34.644 34.615 34.588 34.524 34.471 34.422 34.359 34.316 34.274 34.255 34.184 34.098 34.027 33.95 33.895 33.819 33.747 33.673 33.624 33.509 33.436 33.376 33.277 33.168 33.17 32.954 32.755 32.773 32.889 32.691 32.349 32.016 31.696 31.369 31.294 31.154 30.858 29.855 31.303 30.996 29.9 30.3 30.892 30.345 30.889 31.545 32.013 32.831 32.784
34.759 34.783 34.802 34.813 34.822 34.83 34.835 34.838 34.838 34.835 34.83 34.822 34.813 34.801 34.788 34.774 34.758 34.741 34.724 34.706 34.687 34.667 34.647 34.61 34.581 34.539 34.501 34.437 34.378 34.358 34.276 34.226 34.176 34.109 34.067 33.985 33.896 33.829 33.754 33.661 33.613 33.529 33.482 33.375 33.295 33.206 33.012 33.052 32.901 32.811 32.676 32.735 32.7 32.434 32.031 31.844 30.898 31.058 30.174 28.83 29.576 31.045 29.622 29.436 28.841 29.923 30.747 29.977 30.214 32.768 32.795 32.744
34.707 34.725 34.742 34.795 34.815 34.814 34.82 34.711 34.824 34.821 34.815 34.807 34.797 34.784 34.77 34.755 34.739 34.721 34.703 34.685 34.666 34.646 34.622 34.585 34.552 34.494 34.453 34.396 34.354 34.307 34.261 34.16 34.121 34.073 34.033 33.968 33.87 33.774 33.708 33.618 33.537 33.463 33.405 33.287 33.206 33.09 33.066 33.031 32.819 32.583 32.615 32.586 32.372 32.511 32.358 32.209 31.962 31.645 31.125 29.433 28.796 29.344 30.478 29.999 30.067 30.107 30.454 30.329 27.968 32.414 32.59 32.719
34.634 34.672 34.703 34.767 34.788 34.798 34.763 34.809 34.775 34.807 34.8 34.791 34.78 34.766 34.752 34.735 34.718 34.7 34.682 34.663 34.643 34.623 34.592 34.56 34.516 34.468 34.405 34.358 34.313 34.237 34.172 34.134 34.084 34.033 33.981 33.899 33.835 33.743 33.672 33.583 33.508 33.432 33.258 33.199 33.099 33.064 32.886 32.903 32.751 32.441 32.547 32.368 32.306 32.065 32.217 32.026 31.212 31.09 31.5 31.215 28.814 27.552 28.991 30.384 30.139 29.626 29.332 29.629 28.399 31.153 32.65 27.404
34.557 34.613 34.656 34.723 34.769 34.781 34.79 34.795 34.796 34.792 34.785 34.775 34.762 34.748 34.732 34.715 34.697 34.678 34.659 34.64 34.62 34.6 34.568 34.532 34.486 34.428 34.361 34.291 34.237 34.185 34.147 34.092 34.032 33.981 33.897 33.851 33.778 33.693 33.633 33.527 33.451 33.358 33.259 33.164 33.048 32.927 32.788 32.632 32.831 32.418 32.359 32.284 31.937 32.172 31.746 31.735 31.614 31.334 30.958 29.701 29.239 30.087 29.542 30.261 29.452 29.826 27.118 28.996 28.733 30.391 25.656 32.623
34.503 34.563 34.627 34.687 34.735 34.764 34.774 34.78 34.781 34.777 34.769 34.757 34.743 34.727 34.71 34.692 34.673 34.654 34.635 34.615 34.595 34.576 34.545 34.489 34.451 34.399 34.331 34.275 34.232 34.146 34.076 34.037 33.962 33.929 33.86 33.789 33.708 33.65 33.553 33.487 33.414 33.296 33.169 33.117 33.032 32.976 32.633 32.44 32.731 32.367 32.367 32.304 32.156 31.899 31.741 31.355 31.229 30.893 30.46 29.579 28.599 30.188 28.792 29.44 27.727 29.095 27.119 28.403 27.907 29.733 31.825 30.527
34.5 34.526 34.575 34.64 34.703 34.726 34.752 34.766 34.767 34.762 34.752 34.738 34.722 34.705 34.686 34.667 34.648 34.629 34.609 34.589 34.569 34.54 34.515 34.469 34.418 34.375 34.311 34.269 34.218 34.131 34.064 33.984 33.918 33.878 33.802 33.727 33.67 33.578 33.511 33.404 33.333 33.277 33.153 33.069 32.937 32.89 32.818 32.62 32.421 32.518 32.357 32.147 31.859 31.823 31.708 31.037 30.891 30.659 30.654 30.391 29.85 29.457 29.454 28.724 28.673 27.596 27.545 27.803 27.909 28.219 23.555 32.454
34.366 34.445 34.518 34.606 34.669 34.711 34.734 34.748 34.748 34.746 34.732 34.716 34.698 34.679 34.66 34.641 34.621 34.601 34.581 34.561 34.541 34.505 34.49 34.455 34.392 34.346 34.269 34.223 34.167 34.092 34.03 33.95 33.881 33.809 33.75 33.643 33.62 33.557 33.463 33.37 33.25 33.153 33.094 33.086 32.955 32.669 32.61 32.604 32.432 32.242 31.868 32.276 32.079 30.905 31.69 31.071 31.145 31.142 30.855 30.639 30.286 29.883 28.321 29.697 26.807 28.461 26.612 26.497 27.952 30.909 31.811 31.155
34.343 34.401 34.478 34.571 34.637 34.679 34.709 34.724 34.719 34.671 34.703 34.69 34.671 34.651 34.631 34.611 34.591 34.571 34.543 34.517 34.492 34.477 34.46 34.431 34.378 34.317 34.258 34.21 34.151 34.072 34 33.927 33.862 33.793 33.694 33.621 33.569 33.521 33.452 33.347 33.232 33.16 33.087 33.04 32.952 32.794 32.619 32.507 32.329 32.055 31.944 31.623 31.627 31.607 31.668 30.765 31.137 30.846 30.447 30.025 30.263 29.459 28.677 29.113 27.772 28.958 27.167 27.284 27.115 29.083 32.033 31.67
34.284 34.364 34.436 34.487 34.553 34.604 34.664 34.684 34.703 34.687 34.66 34.645 34.638 34.618 34.598 34.574 34.556 34.534 34.517 34.485 34.457 34.43 34.366 34.403 34.347 34.278 34.214 34.159 34.102 34.055 33.948 33.893 33.822 33.763 33.667 33.588 33.531 33.462 33.403 33.298 33.164 33.091 33.032 32.844 32.688 32.734 32.642 32.551 32.398 32.178 31.562 31.425 31.094 31.007 31.397 31.228 30.802 30.468 29.661 30.007 29.759 29.483 28.704 29.243 29.096 28.673 28.318 26.907 29.527 29.131 30.893 32.055
34.207 34.258 34.339 34.404 34.453 34.531 34.592 34.638 34.65 34.627 34.589 34.545 34.546 34.528 34.545 34.527 34.516 34.49 34.48 34.46 34.421 34.355 34.339 34.355 34.297 34.237 34.181 34.116 34.063 34.012 33.929 33.856 33.788 33.72 33.614 33.575 33.456 33.371 33.325 33.279 33.141 33.049 32.917 32.828 32.642 32.528 32.491 32.356 32.428 32.222 32.009 31.325 31.015 30.677 30.931 31.006 30.85 30.457 29.797 29.779 29.795 28.929 29.062 29.131 29.371 29.194 28.542 27.902 31.232 31.057 31.453 28.283
34.161 34.201 34.282 34.361 34.434 34.49 34.524 34.544 34.572 34.571 34.559 34.495 34.407 34.428 34.5 34.476 34.475 34.442 34.421 34.414 34.351 34.264 34.189 34.322 34.27 34.216 34.155 34.08 34.019 33.954 33.826 33.819 33.739 33.662 33.577 33.491 33.419 33.32 33.253 33.207 33.14 33.02 32.966 32.689 32.668 32.451 32.175 31.798 31.911 31.981 31.964 31.62 30.876 30.442 30.7 30.293 30.595 30.587 29.949 29.586 29.258 28.831 29.12 29.417 29.347 29.3 29.037 28.191 28.567 27.115 32.234 28.597
34.148 34.185 34.271 34.319 34.346 34.4 34.43 34.447 34.457 34.464 34.508 34.427 34.35 34.31 34.414 34.378 34.399 34.33 34.333 34.33 34.29 34.197 34.274 34.281 34.229 34.18 34.145 34.073 34.006 33.935 33.879 33.789 33.712 33.621 33.467 33.448 33.079 33.211 33.039 33.104 33.043 33.07 32.818 32.616 32.583 32.332 32.399 32.137 31.896 31.713 30.883 31.296 31.487 30.627 30.613 30.667 30.33 29.968 29.931 29.523 29.025 28.685 29.287 29.24 28.495 29.358 29.295 28.19 28.252 32.268 32.557 32.578
34.105 34.141 34.194 34.265 34.274 34.316 34.345 34.331 34.356 34.373 34.388 34.412 34.336 34.203 34.281 34.281 34.195 34.218 34.281 34.254 34.23 34.206 34.208 34.246 34.176 34.127 34.089 34.033 33.967 33.906 33.843 33.772 33.706 33.618 33.501 32.957 33.068 33.05 32.973 33.068 32.991 32.934 32.664 32.304 32.372 32.409 32.126 32.016 31.673 31.134 30.856 31.487 31.41 31.264 30.842 30.541 30.157 29.712 29.156 28.881 28.574 28.642 28.771 29.05 28.427 29.522 28.899 28.745 29.144 27.505 32.029 32.495
33.992 34.005 34.141 34.182 34.175 34.198 34.215 34.231 34.253 34.29 34.299 34.363 34.285 34.192 34.122 34.129 34.091 34.13 34.181 34.201 34.175 34.159 34.152 34.172 34.131 34.106 34.056 34 33.948 33.888 33.825 33.761 33.699 33.632 33.5 33.156 32.978 32.832 32.928 32.806 32.846 32.818 32.699 32.535 32.314 32.262 32.026 31.979 31.628 30.825 30.929 31.094 31.34 31.061 30.952 30.712 30.331 29.678 28.675 27.695 28.04 28.503 28.603 28.82 28.835 29.703 29.161 30.359 29.423 29.092 27.261 30.558
33.836 33.98 34.038 34.062 34.081 34.069 34.106 34.124 34.139 34.175 34.205 34.219 34.247 34.191 34.102 33.908 33.892 34.011 34.095 34.136 34.124 34.111 34.093 34.112 34.093 34.06 34.016 33.962 33.917 33.871 33.808 33.726 33.656 33.588 33.481 33.27 33.173 32.833 32.892 32.833 32.552 32.645 32.669 32.212 32.496 32.282 32.007 31.889 31.793 30.713 30.801 30.55 29.923 31.118 30.589 30.708 30.177 29.629 28.066 27.731 27.621 28.153 28.825 29.099 29.014 29.159 28.914 28.615 30.614 31.446 27.248 25.973
33.744 33.825 33.901 33.911 33.951 33.936 33.988 33.988 34.042 34.087 34.119 34.136 34.146 34.113 34.109 33.985 33.866 33.869 33.986 34.036 34.07 34.048 34.037 34.05 34.022 34.021 33.978 33.92 33.898 33.835 33.756 33.677 33.601 33.524 33.427 33.264 33.061 32.826 32.654 32.597 32.547 32.509 32.56 32.24 32.407 32.335 32.036 31.756 31.077 30.681 30.007 29.859 29.459 30.834 30.591 29.708 30.104 29.482 28.515 27.369 28.124 28.494 29.19 29.323 29.033 29.246 29.656 28.518 28.405 29.385 30.299 29.291
33.5 33.7 33.732 33.77 33.806 33.845 33.872 33.89 33.955 34.003 34.027 34.057 34.034 34.01 34.019 33.973 33.898 33.841 33.841 33.933 34.019 34.018 33.98 33.978 33.96 33.959 33.922 33.865 33.822 33.756 33.67 33.617 33.548 33.45 33.378 33.287 33.073 32.871 32.465 32.155 32.107 32.29 32.4 32.177 32.162 32.143 31.939 31.548 30.922 30.455 29.46 29.403 30.528 30.785 29.717 29.277 29.661 29.599 28.883 28.754 28.958 29.157 29.456 29.534 29.622 29.613 29.244 29.143 29.176 28.538 31.994 32.412
